@0
00
00
ff
00
00
00
@20
00
00
ff
00
00
00
@40
00
00
ff
00
00
00
@60
00
00
ff
00
00
00
@80
00
ff
00
f0
00
d0
10
60
d0
00
00
e0
24
e0
00
24
e0
00
3c
00
e0
00
35
ff
e0
00
01
40
e0
00
03
48
e0
00
3c
00
e0
00
01
40
e0
00
01
48
e0
00
3c
7f
e0
00
01
50
e0
00
00
55
e0
00
03
58
e0
00
00
5d
e0
00
11
00
e0
00
00
00
e0
00
01
08
e0
00
10
00
e0
00
00
00
e0
00
01
60
e0
00
01
40
e0
00
01
50
e0
00
10
00
e0
00
00
00
e0
00
01
60
e0
00
01
48
e0
00
01
58
e0
00
01
68
e0
00
3c
01
e0
00
01
60
e0
00
11
00
e0
00
00
00
e0
00
00
68
e0
00
21
00
e0
00
3c
00
e0
00
35
ff
e0
00
01
68
e0
00
00
55
e0
00
3c
7f
e0
00
01
50
e0
00
01
10
e0
00
03
00
e0
00
e0
00
00
d0
ef
ff
60
d0
00
e8
00
00
00
00
ff
00
00
f0
00
00
00
c8
00
00
c8
00
c8
00
c8
00
ff
00
3f
40
00
00
00
00
00
10
00
c8
f8
10
00
c8
f8
10
00
c8
00
c8
00
c8
00
c8
00
bf
00
00
00
00
00
00
00
00
00
00
00
00
00
00
20
01
00
00
00
00
20
01
00
00
00
bf
00
00
bf
00
00
00
00
00
20
01
00
ff
00
ff
00
f0
00
00
00
00
00
00
00
cc
cc
00
10
10
10
20
10
10
00
00
00
10
10
18
00
10
00
00
cc
cc
00
10
10
00
00
00
10
18
00
10
00
00
00
00
00
00
00
00
00
ff
00
bf
00
00
00
bf
00
00
18
00
00
e8
00
00
00
00
