@0
00
00
fd
00
08
00
@20
00
00
fd
00
08
00
@40
00
00
fd
00
08
00
@60
00
00
fd
00
08
00
@80
00
f8
04
25
00
00
00
25
00
00
00
00
8f
01
00
b8
01
04
0c
7f
01
08
8c
ff
01
0c
ec
24
01
10
0c
24
01
14
0c
80
01
18
0c
25
01
1c
2c
25
01
20
0c
80
01
24
ec
24
01
28
0a
c2
01
2c
0c
24
01
30
0b
c2
01
34
4b
0c
01
38
00
00
01
3c
4b
2b
01
40
20
06
01
44
00
00
01
48
6a
22
01
4c
88
07
01
50
4c
20
01
54
00
04
01
58
00
00
01
5c
4b
22
01
60
89
07
01
64
6c
20
01
68
09
20
01
6c
0c
00
01
70
ac
24
01
74
80
03
01
78
00
00
01
7c
0d
42
01
80
4a
01
01
84
0c
7f
01
88
8c
ff
01
8c
ac
24
01
90
0a
c0
01
94
0c
80
01
98
4c
24
01
9c
aa
25
01
a0
e0
08
01
a4
01
a8
00
00
ff
ff
24
00
00
25
04
08
08
00
d8
24
20
25
81
00
02
00
c0
22
02
c0
01
c0
03
c0
fc
00
a0
20
00
00
00
00
04
20
10
01
25
25
14
03
25
25
18
00
c0
02
c0
01
c0
03
c0
80
04
00
01
0f
00
01
06
00
02
0f
00
16
00
14
25
93
00
13
00
18
25
93
00
0d
00
80
0c
00
80
10
10
00
04
00
25
93
00
d9
00
e8
14
25
18
04
08
04
25
00
18
cc
cd
19
10
c2
40
80
21
23
00
00
04
80
04
25
08
25
08
18
cc
cd
19
10
c2
18
04
01
04
25
0c
25
0c
04
01
04
18
05
00
04
08
d6
00
80
10
08
00
80
0c
0c
27
00
00
25
14
18
08
00
