@0
00
00
fd
00
08
00
@20
00
00
fd
00
08
00
@40
00
00
fd
00
08
00
@60
00
00
fd
00
08
00
@80
00
d8
24
20
25
02
00
c0
22
02
c0
01
c0
03
c0
a0
20
7f
ff
24
24
80
25
25
80
24
c2
24
c2
0c
00
2b
06
00
22
07
20
04
00
22
07
20
20
00
24
03
00
42
01
7f
ff
24
c0
80
24
25
20
10
01
25
25
14
03
25
25
18
00
c0
02
c0
01
c0
03
c0
80
04
00
01
0f
00
01
06
00
02
0f
00
16
00
14
25
f2
00
13
00
18
25
f2
00
0d
00
80
0c
00
80
10
10
00
04
00
25
f2
00
d9
00
e8
14
25
18
04
08
04
25
00
18
cc
cd
19
10
c2
40
80
21
23
00
00
04
80
04
25
08
25
08
18
cc
cd
19
10
c2
18
04
01
04
25
0c
25
0c
04
01
04
18
05
00
04
08
d6
00
80
10
08
00
80
0c
0c
27
00
00
25
14
18
08
00
