@0
00
00
ff
00
00
00
@20
00
00
ff
00
00
00
@40
00
00
ff
00
00
00
@60
00
00
ff
00
00
00
@80
00
ff
00
00
f0
00
c8
00
00
c8
00
c8
00
c8
00
3f
40
00
ff
40
48
00
40
48
7f
50
55
58
5d
00
00
08
00
00
60
40
50
00
00
60
48
58
68
01
60
00
00
68
00
00
ff
68
55
7f
50
c8
10
00
c8
f8
10
00
c8
f8
10
00
c8
00
c8
00
c8
00
c8
00
bf
00
00
00
00
00
00
00
00
00
00
00
00
00
00
20
00
00
00
00
00
20
00
00
00
00
bf
00
00
bf
00
00
00
00
00
20
00
00
ff
00
ff
00
f0
00
00
00
00
00
00
00
cc
cc
00
10
10
10
20
10
10
00
00
00
10
10
18
00
10
00
00
cc
cc
00
10
10
00
00
00
10
18
00
10
00
00
00
00
00
00
00
00
00
ff
00
bf
00
00
00
bf
00
00
18
00
00
e8
00
00
00
00
